010101010101010101010101010101010101010101010101010101010101010100101010101010101010101010101010101010101010101010101010101010101001010101010101010101010101010101010101010101010101010101010101010
01010101010101010101010101010101010101010101010101010101010101010101010100101010101010101010101010101010101010101010101010101010101010101001010101010101010101010101010101010101010101010101010101010101010
010101010101010101010101010101010101010101010101010101010101010100101010101010101010101010101010101010101010101010101010101010101001010101010101010101010101010101010101010101010101010101010101010
010101010101010101010101010101010101010101010101010101010101010100101010101010101010101010101010101010101010101010101010101010101001010101010101010101010101010101010101010101010101010101010101010
010101010101010101010101010101010101010101010101010101010101010100101010101010101010101010101010101010101010101010101010101010101001010101010101010101010101010101010101010101010101010101010101010
0101010101010101010101010101010101010101010101010101010100101010101010101010101010101010101010101010101010101010101010101001010101010101010101010101010101010101010101010101010101010101010
010101010101010101010101010101010101010101010101010101010101010100101010101010101010101010101010101010101010101010101010101010101001010101010101010101010101010101010101010101010101010101010101010
010101010101010101010101010101010101010101010101010101010101010100101010101010101010101010101010101010101010101010101010101010101001010101010101010101010101010101010101010101010101010101010101010
010101010101010101010101010101010101010101010101010101010101010100101010101010101010101010101010101010101010101010101010101010101001010101010101010101010101010101010101010101010101010101010101010
010101010101010101010101010101010101010101010101010101010101010100101010101010101010101010101010101010101010101010101010101010101001010101010101010101010101010101010101010101010101010101010101010
010101010101010101010101010101010101010101010101010101010101010100101010101010101010101010101010101010101010101010101010101010101001010101010101010101010101010101010101010101010101010101010101010
010101010101010101010101010101010101010101010101010101010101010100101010101010101010101010101010101010101010101010101010101010101001010101010101010101010101010101010101010101010101010101010101010
010101010101010101010101010101010101010101010101010101010101010100101010101010101010101010101010101010101010101010101010101010101001010101010101010101010101010101010101010101010101010101010101010
